@000
00 00 00 00
@004
00 00 00 00
@008
00 00 00 00
@00c
00 00 00 00
@010
00 00 00 00
@014
00 00 00 00
@018
00 00 00 00
@01c
00 00 00 00
@020
00 00 00 00
@024
00 00 00 00
@028
00 00 00 00
@02c
00 00 00 00
@030
00 00 00 00
@034
00 00 00 00
@038
00 00 00 00
@03c
00 00 00 00
@040
00 00 00 00
@044
00 00 00 00
@048
00 00 00 00
@04c
00 00 00 00
@050
00 00 00 00
@054
00 00 00 00
@058
00 00 00 00
@05c
00 00 00 00
@060
00 00 00 00
@064
00 00 00 00
@068
00 00 00 00
@06c
00 00 00 00
@070
00 00 00 00
@074
00 00 00 00
@078
00 00 00 00
@07c
00 00 00 00
@080
00 00 00 00
@084
00 00 00 00
@088
00 00 00 00
@08c
00 00 00 00
@090
00 00 00 00
@094
00 00 00 00
@098
00 00 00 00
@09c
00 00 00 00
@0a0
00 00 00 00
@0a4
00 00 00 00
@0a8
00 00 00 00
@0ac
00 00 00 00
@0b0
00 00 00 00
@0b4
00 00 00 00
@0b8
00 00 00 00
@0bc
00 00 00 00
@0c0
00 00 00 00
@0c4
00 00 00 00
@0c8
00 00 00 00
@0cc
00 00 00 00
@0d0
00 00 00 00
@0d4
00 00 00 00
@0d8
00 00 00 00
@0dc
00 00 00 00
@0e0
00 00 00 00
@0e4
00 00 00 00
@0e8
00 00 00 00
@0ec
00 00 00 00
@0f0
00 00 00 00
@0f4
00 00 00 00
@0f8
00 00 00 00
@0fc
00 00 00 00
@100
00 00 00 00
@104
00 00 00 00
@108
00 00 00 00
@10c
00 00 00 00
@110
00 00 00 00
@114
00 00 00 00
@118
00 00 00 00
@11c
00 00 00 00
@120
00 00 00 00
@124
00 00 00 00
@128
00 00 00 00
@12c
00 00 00 00
@130
00 00 00 00
@134
00 00 00 00
@138
00 00 00 00
@13c
00 00 00 00
@140
00 00 00 00
@144
00 00 00 00
@148
00 00 00 00
@14c
00 00 00 00
@150
00 00 00 00
@154
00 00 00 00
@158
00 00 00 00
@15c
00 00 00 00
@160
00 00 00 00
@164
00 00 00 00
@168
00 00 00 00
@16c
00 00 00 00
@170
00 00 00 00
@174
00 00 00 00
@178
00 00 00 00
@17c
00 00 00 00
@180
00 00 00 00
@184
00 00 00 00
@188
00 00 00 00
@18c
00 00 00 00
@190
00 00 00 00
@194
00 00 00 00
@198
00 00 00 00
@19c
00 00 00 00
@1a0
00 00 00 00
@1a4
00 00 00 00
@1a8
00 00 00 00
@1ac
00 00 00 00
@1b0
00 00 00 00
@1b4
00 00 00 00
@1b8
00 00 00 00
@1bc
00 00 00 00
@1c0
00 00 00 00
@1c4
00 00 00 00
@1c8
00 00 00 00
@1cc
00 00 00 00
@1d0
00 00 00 00
@1d4
00 00 00 00
@1d8
00 00 00 00
@1dc
00 00 00 00
@1e0
00 00 00 00
@1e4
00 00 00 00
@1e8
00 00 00 00
@1ec
00 00 00 00
@1f0
00 00 00 00
@1f4
00 00 00 00
@1f8
00 00 00 00
@1fc
00 00 00 00
@200
00 00 00 00
@204
00 00 00 00
@208
00 00 00 00
@20c
00 00 00 00
@210
00 00 00 00
@214
00 00 00 00
@218
00 00 00 00
@21c
00 00 00 00
@220
00 00 00 00
@224
00 00 00 00
@228
00 00 00 00
@22c
00 00 00 00
@230
00 00 00 00
@234
00 00 00 00
@238
00 00 00 00
@23c
00 00 00 00
@240
00 00 00 00
@244
00 00 00 00
@248
00 00 00 00
@24c
00 00 00 00
@250
00 00 00 00
@254
00 00 00 00
@258
00 00 00 00
@25c
00 00 00 00
@260
00 00 00 00
@264
00 00 00 00
@268
00 00 00 00
@26c
00 00 00 00
@270
00 00 00 00
@274
00 00 00 00
@278
00 00 00 00
@27c
00 00 00 00
@280
00 00 00 00
@284
00 00 00 00
@288
00 00 00 00
@28c
00 00 00 00
@290
00 00 00 00
@294
00 00 00 00
@298
00 00 00 00
@29c
00 00 00 00
@2a0
00 00 00 00
@2a4
00 00 00 00
@2a8
00 00 00 00
@2ac
00 00 00 00
@2b0
00 00 00 00
@2b4
00 00 00 00
@2b8
00 00 00 00
@2bc
00 00 00 00
@2c0
00 00 00 00
@2c4
00 00 00 00
@2c8
00 00 00 00
@2cc
00 00 00 00
@2d0
00 00 00 00
@2d4
00 00 00 00
@2d8
00 00 00 00
@2dc
00 00 00 00
@2e0
00 00 00 00
@2e4
00 00 00 00
@2e8
00 00 00 00
@2ec
00 00 00 00
@2f0
00 00 00 00
@2f4
00 00 00 00
@2f8
00 00 00 00
@2fc
00 00 00 00
@300
00 00 00 00
@304
00 00 00 00
@308
00 00 00 00
@30c
00 00 00 00
@310
00 00 00 00
@314
00 00 00 00
@318
00 00 00 00
@31c
00 00 00 00
@320
00 00 00 00
@324
00 00 00 00
@328
00 00 00 00
@32c
00 00 00 00
@330
00 00 00 00
@334
00 00 00 00
@338
00 00 00 00
@33c
00 00 00 00
@340
00 00 00 00
@344
00 00 00 00
@348
00 00 00 00
@34c
00 00 00 00
@350
00 00 00 00
@354
00 00 00 00
@358
00 00 00 00
@35c
00 00 00 00
@360
00 00 00 00
@364
00 00 00 00
@368
00 00 00 00
@36c
00 00 00 00
@370
00 00 00 00
@374
00 00 00 00
@378
00 00 00 00
@37c
00 00 00 00
@380
00 00 00 00
@384
00 00 00 00
@388
00 00 00 00
@38c
00 00 00 00
@390
00 00 00 00
@394
00 00 00 00
@398
00 00 00 00
@39c
00 00 00 00
@3a0
00 00 00 00
@3a4
00 00 00 00
@3a8
00 00 00 00
@3ac
00 00 00 00
@3b0
00 00 00 00
@3b4
00 00 00 00
@3b8
00 00 00 00
@3bc
00 00 00 00
@3c0
00 00 00 00
@3c4
00 00 00 00
@3c8
00 00 00 00
@3cc
00 00 00 00
@3d0
00 00 00 00
@3d4
00 00 00 00
@3d8
00 00 00 00
@3dc
00 00 00 00
@3e0
00 00 00 00
@3e4
00 00 00 00
@3e8
00 00 00 00
@3ec
00 00 00 00
@3f0
00 00 00 00
@3f4
00 00 00 00
@3f8
00 00 00 00
@3fc
00 00 00 00
